19
agtr1_huma0.0000              0.2207              0.2423              0.2137              0.2345              0.2721              0.2626              0.2642              0.2752              0.2557              0.2782              0.2536              0.2443              0.2632              0.2287              0.2518              0.2552              0.2551              0.2766              
agtr2_huma0.2207              0.0000              0.2019              0.1798              0.2076              0.2738              0.2466              0.2628              0.2713              0.2508              0.2620              0.2269              0.2149              0.2557              0.2095              0.1748              0.2571              0.2727              0.2872              
apj_human.0.2423              0.2019              0.0000              0.1978              0.2341              0.2839              0.2837              0.2569              0.2654              0.2656              0.2718              0.2812              0.2296              0.2437              0.2161              0.1903              0.2478              0.2670              0.2961              
bkrb1_huma0.2137              0.1798              0.1978              0.0000              0.1583              0.2161              0.2515              0.2527              0.2503              0.1997              0.2313              0.2206              0.2406              0.2527              0.2318              0.2060              0.2233              0.2341              0.2458              
bkrb2_huma0.2345              0.2076              0.2341              0.1583              0.0000              0.3176              0.3067              0.2432              0.2322              0.2654              0.2798              0.2514              0.2295              0.2442              0.2139              0.1967              0.2607              0.2628              0.3052              
brs3_human0.2721              0.2738              0.2839              0.2161              0.3176              0.0000              0.3365              0.2617              0.2770              0.2618              0.2603              0.2542              0.2622              0.2661              0.2638              0.2055              0.2896              0.1873              0.1934              
c3ar_human0.2626              0.2466              0.2837              0.2515              0.3067              0.3365              0.0000              0.2245              0.2551              0.3818              0.3900              0.4013              0.1444              0.2161              0.1632              0.2377              0.3851              0.3232              0.3357              
c5ar1_huma0.2642              0.2628              0.2569              0.2527              0.2432              0.2617              0.2245              0.0000              0.2045              0.2504              0.2777              0.2621              0.2388              0.1759              0.2429              0.2601              0.2474              0.2657              0.2530              
c5ar2_huma0.2752              0.2713              0.2654              0.2503              0.2322              0.2770              0.2551              0.2045              0.0000              0.2743              0.2829              0.2654              0.2738              0.2512              0.2627              0.2701              0.2604              0.2685              0.2745              
cckar_huma0.2557              0.2508              0.2656              0.1997              0.2654              0.2618              0.3818              0.2504              0.2743              0.0000              0.3262              0.3333              0.2596              0.2701              0.2513              0.2023              0.2639              0.2690              0.2514              
ednra_huma0.2782              0.2620              0.2718              0.2313              0.2798              0.2603              0.3900              0.2777              0.2829              0.3262              0.0000              0.2100              0.2734              0.2678              0.2618              0.2252              0.3435              0.2475              0.2488              
ednrb_huma0.2536              0.2269              0.2812              0.2206              0.2514              0.2542              0.4013              0.2621              0.2654              0.3333              0.2100              0.0000              0.2628              0.2568              0.2426              0.2227              0.3682              0.2242              0.2459              
fpr1_human0.2443              0.2149              0.2296              0.2406              0.2295              0.2622              0.1444              0.2388              0.2738              0.2596              0.2734              0.2628              0.0000              0.1608              0.1167              0.2379              0.2322              0.2649              0.2600              
fpr2_human0.2632              0.2557              0.2437              0.2527              0.2442              0.2661              0.2161              0.1759              0.2512              0.2701              0.2678              0.2568              0.1608              0.0000              0.1841              0.2624              0.2575              0.2778              0.2654              
fpr3_human0.2287              0.2095              0.2161              0.2318              0.2139              0.2638              0.1632              0.2429              0.2627              0.2513              0.2618              0.2426              0.1167              0.1841              0.0000              0.2284              0.2357              0.2434              0.2539              
galr1_huma0.2518              0.1748              0.1903              0.2060              0.1967              0.2055              0.2377              0.2601              0.2701              0.2023              0.2252              0.2227              0.2379              0.2624              0.2284              0.0000              0.1783              0.1898              0.2029              
gasr_human0.2552              0.2571              0.2478              0.2233              0.2607              0.2896              0.3851              0.2474              0.2604              0.2639              0.3435              0.3682              0.2322              0.2575              0.2357              0.1783              0.0000              0.2243              0.2686              
grpr_human0.2551              0.2727              0.2670              0.2341              0.2628              0.1873              0.3232              0.2657              0.2685              0.2690              0.2475              0.2242              0.2649              0.2778              0.2434              0.1898              0.2243              0.0000              0.1945              
nmbr_human0.2766              0.2872              0.2961              0.2458              0.3052              0.1934              0.3357              0.2530              0.2745              0.2514              0.2488              0.2459              0.2600              0.2654              0.2539              0.2029              0.2686              0.1945              0.0000              
