                    agtr1_human.pdb     agtr2_human.pdb     apj_human.pdb       bkrb1_human.pdb     bkrb2_human.pdb     brs3_human.pdb      c3ar_human.pdb      c5ar1_human.pdb     c5ar2_human.pdb     cckar_human.pdb     ednra_human.pdb     ednrb_human.pdb     fpr1_human.pdb      fpr2_human.pdb      fpr3_human.pdb      galr1_human.pdb     gasr_human.pdb      grpr_human.pdb      nmbr_human.pdb      
agtr1_human.pdb     0.000               2.480               2.615               2.620               2.611               2.967               2.638               2.849               2.871               2.622               3.460               3.285               2.629               2.641               2.809               2.588               2.817               3.177               3.101               
agtr2_human.pdb     2.480               0.000               2.747               2.437               2.733               3.231               3.216               3.324               3.064               2.758               3.819               3.754               3.414               3.326               2.944               2.609               2.736               3.474               3.278               
apj_human.pdb       2.615               2.747               0.000               3.229               2.679               3.576               2.782               2.855               3.097               2.879               3.246               3.333               2.828               2.635               2.946               2.323               2.995               3.345               3.232               
bkrb1_human.pdb     2.620               2.437               3.229               0.000               2.557               3.372               2.511               2.891               2.691               2.627               3.681               3.684               2.562               2.808               2.704               2.755               2.995               3.277               3.189               
bkrb2_human.pdb     2.611               2.733               2.679               2.557               0.000               3.809               2.766               2.786               3.240               2.681               3.842               3.891               2.839               2.782               2.763               2.630               2.712               4.024               3.862               
brs3_human.pdb      2.967               3.231               3.576               3.372               3.809               0.000               3.339               3.371               3.022               3.477               3.286               3.339               3.082               3.640               3.006               3.147               3.155               2.792               2.688               
c3ar_human.pdb      2.638               3.216               2.782               2.511               2.766               3.339               0.000               2.504               2.425               2.901               3.668               3.173               2.931               3.033               2.578               2.936               2.934               3.207               3.287               
c5ar1_human.pdb     2.849               3.324               2.855               2.891               2.786               3.371               2.504               0.000               2.009               3.068               3.606               3.587               3.106               3.384               2.587               2.593               2.728               3.373               3.619               
c5ar2_human.pdb     2.871               3.064               3.097               2.691               3.240               3.022               2.425               2.009               0.000               3.070               3.158               3.766               3.018               2.789               2.927               2.905               2.884               3.348               3.232               
cckar_human.pdb     2.622               2.758               2.879               2.627               2.681               3.477               2.901               3.068               3.070               0.000               3.414               3.009               2.710               3.042               2.542               2.579               2.570               3.105               3.391               
ednra_human.pdb     3.460               3.819               3.246               3.681               3.842               3.286               3.668               3.606               3.158               3.414               0.000               2.907               3.595               3.706               3.538               3.013               3.781               3.757               3.462               
ednrb_human.pdb     3.285               3.754               3.333               3.684               3.891               3.339               3.173               3.587               3.766               3.009               2.907               0.000               3.561               3.621               3.080               2.791               3.140               3.290               3.260               
fpr1_human.pdb      2.629               3.414               2.828               2.562               2.839               3.082               2.931               3.106               3.018               2.710               3.595               3.561               0.000               2.242               2.250               3.301               2.732               3.063               3.089               
fpr2_human.pdb      2.641               3.326               2.635               2.808               2.782               3.640               3.033               3.384               2.789               3.042               3.706               3.621               2.242               0.000               2.197               2.912               2.858               3.539               3.499               
fpr3_human.pdb      2.809               2.944               2.946               2.704               2.763               3.006               2.578               2.587               2.927               2.542               3.538               3.080               2.250               2.197               0.000               3.202               2.753               3.224               3.183               
galr1_human.pdb     2.588               2.609               2.323               2.755               2.630               3.147               2.936               2.593               2.905               2.579               3.013               2.791               3.301               2.912               3.202               0.000               2.272               2.604               2.456               
gasr_human.pdb      2.817               2.736               2.995               2.995               2.712               3.155               2.934               2.728               2.884               2.570               3.781               3.140               2.732               2.858               2.753               2.272               0.000               3.214               2.682               
grpr_human.pdb      3.177               3.474               3.345               3.277               4.024               2.792               3.207               3.373               3.348               3.105               3.757               3.290               3.063               3.539               3.224               2.604               3.214               0.000               2.536               
nmbr_human.pdb      3.101               3.278               3.232               3.189               3.862               2.688               3.287               3.619               3.232               3.391               3.462               3.260               3.089               3.499               3.183               2.456               2.682               2.536               0.000               
