                    agtr1_human.pdb     agtr2_human.pdb     apj_human.pdb       bkrb1_human.pdb     bkrb2_human.pdb     brs3_human.pdb      c3ar_human.pdb      c5ar1_human.pdb     c5ar2_human.pdb     cckar_human.pdb     ednra_human.pdb     ednrb_human.pdb     fpr1_human.pdb      fpr2_human.pdb      fpr3_human.pdb      galr1_human.pdb     gasr_human.pdb      grpr_human.pdb      nmbr_human.pdb      
agtr1_human.pdb     1.0000              0.7793              0.7577              0.7863              0.7655              0.7279              0.7374              0.7358              0.7248              0.7443              0.7218              0.7464              0.7557              0.7368              0.7713              0.7482              0.7448              0.7449              0.7234              
agtr2_human.pdb     0.7793              1.0000              0.7981              0.8202              0.7924              0.7262              0.7534              0.7372              0.7287              0.7492              0.7380              0.7731              0.7851              0.7443              0.7905              0.8252              0.7429              0.7273              0.7128              
apj_human.pdb       0.7577              0.7981              1.0000              0.8022              0.7659              0.7161              0.7163              0.7431              0.7346              0.7344              0.7282              0.7188              0.7704              0.7563              0.7839              0.8097              0.7522              0.7330              0.7039              
bkrb1_human.pdb     0.7863              0.8202              0.8022              1.0000              0.8417              0.7839              0.7485              0.7473              0.7497              0.8003              0.7687              0.7794              0.7594              0.7473              0.7682              0.7940              0.7767              0.7659              0.7542              
bkrb2_human.pdb     0.7655              0.7924              0.7659              0.8417              1.0000              0.6824              0.6933              0.7568              0.7678              0.7346              0.7202              0.7486              0.7705              0.7558              0.7861              0.8033              0.7393              0.7372              0.6948              
brs3_human.pdb      0.7279              0.7262              0.7161              0.7839              0.6824              1.0000              0.6635              0.7383              0.7230              0.7382              0.7397              0.7458              0.7378              0.7339              0.7362              0.7945              0.7104              0.8127              0.8066              
c3ar_human.pdb      0.7374              0.7534              0.7163              0.7485              0.6933              0.6635              1.0000              0.7755              0.7449              0.6182              0.6100              0.5987              0.8556              0.7839              0.8368              0.7623              0.6149              0.6768              0.6643              
c5ar1_human.pdb     0.7358              0.7372              0.7431              0.7473              0.7568              0.7383              0.7755              1.0000              0.7955              0.7496              0.7223              0.7379              0.7612              0.8241              0.7571              0.7399              0.7526              0.7343              0.7470              
c5ar2_human.pdb     0.7248              0.7287              0.7346              0.7497              0.7678              0.7230              0.7449              0.7955              1.0000              0.7257              0.7171              0.7346              0.7262              0.7488              0.7373              0.7299              0.7396              0.7315              0.7255              
cckar_human.pdb     0.7443              0.7492              0.7344              0.8003              0.7346              0.7382              0.6182              0.7496              0.7257              1.0000              0.6738              0.6667              0.7404              0.7299              0.7487              0.7977              0.7361              0.7310              0.7486              
ednra_human.pdb     0.7218              0.7380              0.7282              0.7687              0.7202              0.7397              0.6100              0.7223              0.7171              0.6738              1.0000              0.7900              0.7266              0.7322              0.7382              0.7748              0.6565              0.7525              0.7512              
ednrb_human.pdb     0.7464              0.7731              0.7188              0.7794              0.7486              0.7458              0.5987              0.7379              0.7346              0.6667              0.7900              1.0000              0.7372              0.7432              0.7574              0.7773              0.6318              0.7758              0.7541              
fpr1_human.pdb      0.7557              0.7851              0.7704              0.7594              0.7705              0.7378              0.8556              0.7612              0.7262              0.7404              0.7266              0.7372              1.0000              0.8392              0.8833              0.7621              0.7678              0.7351              0.7400              
fpr2_human.pdb      0.7368              0.7443              0.7563              0.7473              0.7558              0.7339              0.7839              0.8241              0.7488              0.7299              0.7322              0.7432              0.8392              1.0000              0.8159              0.7376              0.7425              0.7222              0.7346              
fpr3_human.pdb      0.7713              0.7905              0.7839              0.7682              0.7861              0.7362              0.8368              0.7571              0.7373              0.7487              0.7382              0.7574              0.8833              0.8159              1.0000              0.7716              0.7643              0.7566              0.7461              
galr1_human.pdb     0.7482              0.8252              0.8097              0.7940              0.8033              0.7945              0.7623              0.7399              0.7299              0.7977              0.7748              0.7773              0.7621              0.7376              0.7716              1.0000              0.8217              0.8102              0.7971              
gasr_human.pdb      0.7448              0.7429              0.7522              0.7767              0.7393              0.7104              0.6149              0.7526              0.7396              0.7361              0.6565              0.6318              0.7678              0.7425              0.7643              0.8217              1.0000              0.7757              0.7314              
grpr_human.pdb      0.7449              0.7273              0.7330              0.7659              0.7372              0.8127              0.6768              0.7343              0.7315              0.7310              0.7525              0.7758              0.7351              0.7222              0.7566              0.8102              0.7757              1.0000              0.8055              
nmbr_human.pdb      0.7234              0.7128              0.7039              0.7542              0.6948              0.8066              0.6643              0.7470              0.7255              0.7486              0.7512              0.7541              0.7400              0.7346              0.7461              0.7971              0.7314              0.8055              1.0000              
