                    fzd10_human.pdb     fzd1_human.pdb      fzd2_human.pdb      fzd3_human.pdb      fzd4_human.pdb      fzd5_human.pdb      fzd6_human.pdb      fzd7_human.pdb      fzd8_human.pdb      fzd9_human.pdb      smo_human.pdb       
fzd10_human.pdb     0.000               3.434               2.656               4.013               3.506               3.430               3.823               2.495               3.611               1.911               4.572               
fzd1_human.pdb      3.434               0.000               3.683               2.465               3.569               4.297               3.616               4.260               3.012               3.013               4.161               
fzd2_human.pdb      2.656               3.683               0.000               2.098               2.726               4.150               2.750               3.678               2.880               3.175               3.519               
fzd3_human.pdb      4.013               2.465               2.098               0.000               4.276               3.529               4.166               1.870               4.046               3.334               5.128               
fzd4_human.pdb      3.506               3.569               2.726               4.276               0.000               2.651               3.995               2.138               4.042               2.326               3.405               
fzd5_human.pdb      3.430               4.297               4.150               3.529               2.651               0.000               3.640               4.043               2.945               4.005               4.084               
fzd6_human.pdb      3.823               3.616               2.750               4.166               3.995               3.640               0.000               2.591               4.774               2.889               4.705               
fzd7_human.pdb      2.495               4.260               3.678               1.870               2.138               4.043               2.591               0.000               3.093               3.476               3.701               
fzd8_human.pdb      3.611               3.012               2.880               4.046               4.042               2.945               4.774               3.093               0.000               3.425               4.563               
fzd9_human.pdb      1.911               3.013               3.175               3.334               2.326               4.005               2.889               3.476               3.425               0.000               4.034               
smo_human.pdb       4.572               4.161               3.519               5.128               3.405               4.084               4.705               3.701               4.563               4.034               0.000               
