                    t2r10_human.pdb     t2r13_human.pdb     t2r14_human.pdb     t2r16_human.pdb     t2r19_human.pdb     t2r20_human.pdb     t2r30_human.pdb     t2r31_human.pdb     t2r38_human.pdb     t2r39_human.pdb     t2r40_human.pdb     t2r41_human.pdb     ta2r1_human.pdb     ta2r3_human.pdb     ta2r4_human.pdb     ta2r5_human.pdb     ta2r7_human.pdb     ta2r8_human.pdb     ta2r9_human.pdb     
t2r10_human.pdb     0.000               2.717               2.526               2.756               2.300               2.463               2.539               2.421               3.528               2.993               2.953               2.674               3.214               2.593               3.458               3.054               2.457               2.466               2.517               
t2r13_human.pdb     2.717               0.000               2.301               3.100               2.931               2.719               2.650               3.001               4.159               2.971               3.215               3.779               3.776               2.889               3.381               3.460               3.177               2.801               2.857               
t2r14_human.pdb     2.526               2.301               0.000               3.228               3.058               3.150               2.967               3.023               4.115               3.255               3.636               3.504               3.276               3.157               3.551               2.960               2.904               2.963               2.940               
t2r16_human.pdb     2.756               3.100               3.228               0.000               2.344               2.374               2.598               2.433               3.409               2.388               2.316               2.026               3.080               2.659               2.947               3.156               2.180               2.754               2.439               
t2r19_human.pdb     2.300               2.931               3.058               2.344               0.000               1.360               1.957               1.317               3.478               2.311               2.049               2.712               3.388               2.362               3.004               3.223               2.242               2.766               2.207               
t2r20_human.pdb     2.463               2.719               3.150               2.374               1.360               0.000               1.525               1.688               3.603               2.248               2.144               2.709               3.183               2.501               3.106               3.418               2.164               2.799               2.196               
t2r30_human.pdb     2.539               2.650               2.967               2.598               1.957               1.525               0.000               1.752               3.922               2.693               2.619               2.808               3.453               2.818               3.258               3.326               2.494               3.017               2.556               
t2r31_human.pdb     2.421               3.001               3.023               2.433               1.317               1.688               1.752               0.000               3.670               2.508               2.258               2.485               3.167               2.355               3.180               3.370               2.538               3.011               2.606               
t2r38_human.pdb     3.528               4.159               4.115               3.409               3.478               3.603               3.922               3.670               0.000               4.042               3.786               3.544               3.824               3.763               3.868               4.076               3.037               3.942               2.910               
t2r39_human.pdb     2.993               2.971               3.255               2.388               2.311               2.248               2.693               2.508               4.042               0.000               1.989               2.581               3.239               2.659               2.310               3.880               2.662               2.811               2.430               
t2r40_human.pdb     2.953               3.215               3.636               2.316               2.049               2.144               2.619               2.258               3.786               1.989               0.000               2.349               3.398               2.852               2.936               3.714               2.427               3.035               2.482               
t2r41_human.pdb     2.674               3.779               3.504               2.026               2.712               2.709               2.808               2.485               3.544               2.581               2.349               0.000               3.013               2.895               3.187               3.361               2.455               3.152               2.799               
ta2r1_human.pdb     3.214               3.776               3.276               3.080               3.388               3.183               3.453               3.167               3.824               3.239               3.398               3.013               0.000               3.218               3.779               3.761               3.005               2.640               3.179               
ta2r3_human.pdb     2.593               2.889               3.157               2.659               2.362               2.501               2.818               2.355               3.763               2.659               2.852               2.895               3.218               0.000               2.969               3.576               2.623               2.728               2.237               
ta2r4_human.pdb     3.458               3.381               3.551               2.947               3.004               3.106               3.258               3.180               3.868               2.310               2.936               3.187               3.779               2.969               0.000               3.942               2.978               3.265               2.564               
ta2r5_human.pdb     3.054               3.460               2.960               3.156               3.223               3.418               3.326               3.370               4.076               3.880               3.714               3.361               3.761               3.576               3.942               0.000               3.432               3.734               3.398               
ta2r7_human.pdb     2.457               3.177               2.904               2.180               2.242               2.164               2.494               2.538               3.037               2.662               2.427               2.455               3.005               2.623               2.978               3.432               0.000               2.627               2.182               
ta2r8_human.pdb     2.466               2.801               2.963               2.754               2.766               2.799               3.017               3.011               3.942               2.811               3.035               3.152               2.640               2.728               3.265               3.734               2.627               0.000               2.595               
ta2r9_human.pdb     2.517               2.857               2.940               2.439               2.207               2.196               2.556               2.606               2.910               2.430               2.482               2.799               3.179               2.237               2.564               3.398               2.182               2.595               0.000               
