                    t2r10_human.pdb     t2r13_human.pdb     t2r14_human.pdb     t2r16_human.pdb     t2r19_human.pdb     t2r20_human.pdb     t2r30_human.pdb     t2r31_human.pdb     t2r38_human.pdb     t2r39_human.pdb     t2r40_human.pdb     t2r41_human.pdb     ta2r1_human.pdb     ta2r3_human.pdb     ta2r4_human.pdb     ta2r5_human.pdb     ta2r7_human.pdb     ta2r8_human.pdb     ta2r9_human.pdb     
t2r10_human.pdb     1.0000              0.8635              0.8838              0.8460              0.9061              0.9132              0.9079              0.8972              0.8287              0.8596              0.8534              0.8556              0.8053              0.8864              0.8247              0.8445              0.8982              0.8647              0.8582              
t2r13_human.pdb     0.8635              1.0000              0.9010              0.8317              0.8665              0.8565              0.8756              0.8548              0.7723              0.8341              0.8180              0.7991              0.7700              0.8808              0.8176              0.8010              0.8453              0.8509              0.8127              
t2r14_human.pdb     0.8838              0.9010              1.0000              0.8247              0.8553              0.8601              0.8582              0.8487              0.7634              0.8010              0.7883              0.8000              0.7980              0.8492              0.7934              0.8401              0.8349              0.8500              0.8006              
t2r16_human.pdb     0.8460              0.8317              0.8247              1.0000              0.8780              0.8849              0.8689              0.8737              0.8292              0.8939              0.8905              0.9070              0.8080              0.8786              0.8279              0.8192              0.8999              0.8692              0.8495              
t2r19_human.pdb     0.9061              0.8665              0.8553              0.8780              1.0000              0.9614              0.9291              0.9642              0.8318              0.9052              0.9192              0.8637              0.7921              0.9069              0.8441              0.8254              0.9072              0.8679              0.8788              
t2r20_human.pdb     0.9132              0.8565              0.8601              0.8849              0.9614              1.0000              0.9562              0.9447              0.8321              0.9026              0.9061              0.8616              0.8006              0.8916              0.8393              0.8317              0.9046              0.8551              0.8906              
t2r30_human.pdb     0.9079              0.8756              0.8582              0.8689              0.9291              0.9562              1.0000              0.9299              0.7920              0.8458              0.8485              0.8472              0.7883              0.8573              0.8163              0.8273              0.8701              0.8408              0.8645              
t2r31_human.pdb     0.8972              0.8548              0.8487              0.8737              0.9642              0.9447              0.9299              1.0000              0.8037              0.8826              0.8978              0.8706              0.8023              0.8898              0.8268              0.8263              0.8846              0.8369              0.8551              
t2r38_human.pdb     0.8287              0.7723              0.7634              0.8292              0.8318              0.8321              0.7920              0.8037              1.0000              0.7556              0.7936              0.8197              0.7584              0.7905              0.7706              0.7909              0.8422              0.7977              0.8294              
t2r39_human.pdb     0.8596              0.8341              0.8010              0.8939              0.9052              0.9026              0.8458              0.8826              0.7556              1.0000              0.9112              0.8791              0.8065              0.8535              0.8939              0.8008              0.8665              0.8671              0.8477              
t2r40_human.pdb     0.8534              0.8180              0.7883              0.8905              0.9192              0.9061              0.8485              0.8978              0.7936              0.9112              1.0000              0.8893              0.7958              0.8531              0.8578              0.8024              0.8723              0.8504              0.8508              
t2r41_human.pdb     0.8556              0.7991              0.8000              0.9070              0.8637              0.8616              0.8472              0.8706              0.8197              0.8791              0.8893              1.0000              0.8269              0.8632              0.8197              0.8175              0.8797              0.8439              0.8512              
ta2r1_human.pdb     0.8053              0.7700              0.7980              0.8080              0.7921              0.8006              0.7883              0.8023              0.7584              0.8065              0.7958              0.8269              1.0000              0.8267              0.7675              0.7622              0.8455              0.8378              0.7935              
ta2r3_human.pdb     0.8864              0.8808              0.8492              0.8786              0.9069              0.8916              0.8573              0.8898              0.7905              0.8535              0.8531              0.8632              0.8267              1.0000              0.8596              0.8141              0.8994              0.8828              0.8639              
ta2r4_human.pdb     0.8247              0.8176              0.7934              0.8279              0.8441              0.8393              0.8163              0.8268              0.7706              0.8939              0.8578              0.8197              0.7675              0.8596              1.0000              0.7528              0.8669              0.8175              0.8360              
ta2r5_human.pdb     0.8445              0.8010              0.8401              0.8192              0.8254              0.8317              0.8273              0.8263              0.7909              0.8008              0.8024              0.8175              0.7622              0.8141              0.7528              1.0000              0.8274              0.8111              0.8037              
ta2r7_human.pdb     0.8982              0.8453              0.8349              0.8999              0.9072              0.9046              0.8701              0.8846              0.8422              0.8665              0.8723              0.8797              0.8455              0.8994              0.8669              0.8274              1.0000              0.8816              0.8872              
ta2r8_human.pdb     0.8647              0.8509              0.8500              0.8692              0.8679              0.8551              0.8408              0.8369              0.7977              0.8671              0.8504              0.8439              0.8378              0.8828              0.8175              0.8111              0.8816              1.0000              0.8273              
ta2r9_human.pdb     0.8582              0.8127              0.8006              0.8495              0.8788              0.8906              0.8645              0.8551              0.8294              0.8477              0.8508              0.8512              0.7935              0.8639              0.8360              0.8037              0.8872              0.8273              1.0000              
