19
cltr1_huma0.0000              0.1582              0.1805              0.2289              0.2275              0.2575              0.2277              0.3301              0.2949              0.3008              0.1753              0.1734              0.1919              0.2262              0.2419              0.2299              0.2986              0.3010              0.2900              
cltr2_huma0.1582              0.0000              0.1951              0.2484              0.2600              0.2822              0.2593              0.3194              0.3188              0.3173              0.2196              0.2207              0.2257              0.2680              0.2797              0.2588              0.3134              0.3252              0.3210              
ffar1_huma0.1805              0.1951              0.0000              0.1589              0.1657              0.2262              0.1660              0.2755              0.2774              0.2831              0.1854              0.1868              0.1936              0.2004              0.2029              0.2189              0.2826              0.2813              0.2886              
ffar2_huma0.2289              0.2484              0.1589              0.0000              0.1197              0.2839              0.1172              0.3302              0.3111              0.3174              0.2168              0.2164              0.2306              0.2606              0.2568              0.2644              0.3185              0.3092              0.3171              
ffar3_huma0.2275              0.2600              0.1657              0.1197              0.0000              0.3123              0.0041              0.3537              0.3419              0.3351              0.2417              0.2382              0.2425              0.2809              0.2843              0.2824              0.3404              0.3370              0.3413              
ffar4_huma0.2575              0.2822              0.2262              0.2839              0.3123              0.0000              0.3125              0.2942              0.2916              0.2960              0.3109              0.2878              0.2795              0.2728              0.2767              0.3364              0.2905              0.3087              0.3228              
gpr42_huma0.2277              0.2593              0.1660              0.1172              0.0041              0.3125              0.0000              0.3539              0.3442              0.3351              0.2425              0.2385              0.2421              0.2820              0.2843              0.2835              0.3397              0.3369              0.3416              
lpar1_huma0.3301              0.3194              0.2755              0.3302              0.3537              0.2942              0.3539              0.0000              0.1370              0.1336              0.3706              0.3610              0.3553              0.3476              0.3264              0.3569              0.1616              0.1751              0.2035              
lpar2_huma0.2949              0.3188              0.2774              0.3111              0.3419              0.2916              0.3442              0.1370              0.0000              0.1242              0.3386              0.3264              0.3428              0.3396              0.3086              0.3288              0.1536              0.1819              0.1389              
lpar3_huma0.3008              0.3173              0.2831              0.3174              0.3351              0.2960              0.3351              0.1336              0.1242              0.0000              0.3453              0.3194              0.3307              0.3471              0.3141              0.3393              0.1346              0.1833              0.1754              
lpar4_huma0.1753              0.2196              0.1854              0.2168              0.2417              0.3109              0.2425              0.3706              0.3386              0.3453              0.0000              0.1864              0.1355              0.2750              0.2772              0.2797              0.3624              0.3181              0.3710              
lpar5_huma0.1734              0.2207              0.1868              0.2164              0.2382              0.2878              0.2385              0.3610              0.3264              0.3194              0.1864              0.0000              0.1895              0.2664              0.2784              0.2905              0.3375              0.2994              0.3563              
lpar6_huma0.1919              0.2257              0.1936              0.2306              0.2425              0.2795              0.2421              0.3553              0.3428              0.3307              0.1355              0.1895              0.0000              0.2577              0.2633              0.2298              0.3351              0.3373              0.3379              
lt4r1_huma0.2262              0.2680              0.2004              0.2606              0.2809              0.2728              0.2820              0.3476              0.3396              0.3471              0.2750              0.2664              0.2577              0.0000              0.1932              0.2712              0.3374              0.3320              0.3429              
lt4r2_huma0.2419              0.2797              0.2029              0.2568              0.2843              0.2767              0.2843              0.3264              0.3086              0.3141              0.2772              0.2784              0.2633              0.1932              0.0000              0.2844              0.3190              0.3227              0.3275              
oxer1_huma0.2299              0.2588              0.2189              0.2644              0.2824              0.3364              0.2835              0.3569              0.3288              0.3393              0.2797              0.2905              0.2298              0.2712              0.2844              0.0000              0.3927              0.3345              0.3894              
s1pr1_huma0.2986              0.3134              0.2826              0.3185              0.3404              0.2905              0.3397              0.1616              0.1536              0.1346              0.3624              0.3375              0.3351              0.3374              0.3190              0.3927              0.0000              0.1336              0.2073              
s1pr2_huma0.3010              0.3252              0.2813              0.3092              0.3370              0.3087              0.3369              0.1751              0.1819              0.1833              0.3181              0.2994              0.3373              0.3320              0.3227              0.3345              0.1336              0.0000              0.1594              
s1pr3_huma0.2900              0.3210              0.2886              0.3171              0.3413              0.3228              0.3416              0.2035              0.1389              0.1754              0.3710              0.3563              0.3379              0.3429              0.3275              0.3894              0.2073              0.1594              0.0000              
