                    cltr1_human.pdb     cltr2_human.pdb     ffar1_human.pdb     ffar2_human.pdb     ffar3_human.pdb     ffar4_human.pdb     gpr42_human.pdb     lpar1_human.pdb     lpar2_human.pdb     lpar3_human.pdb     lpar4_human.pdb     lpar5_human.pdb     lpar6_human.pdb     lt4r1_human.pdb     lt4r2_human.pdb     oxer1_human.pdb     s1pr1_human.pdb     s1pr2_human.pdb     s1pr3_human.pdb     
cltr1_human.pdb     1.0000              0.8418              0.8195              0.7711              0.7725              0.7425              0.7723              0.6699              0.7051              0.6992              0.8247              0.8266              0.8081              0.7738              0.7581              0.7701              0.7014              0.6990              0.7100              
cltr2_human.pdb     0.8418              1.0000              0.8049              0.7516              0.7400              0.7178              0.7407              0.6806              0.6812              0.6827              0.7804              0.7793              0.7743              0.7320              0.7203              0.7412              0.6866              0.6748              0.6790              
ffar1_human.pdb     0.8195              0.8049              1.0000              0.8411              0.8343              0.7738              0.8340              0.7245              0.7226              0.7169              0.8146              0.8132              0.8064              0.7996              0.7971              0.7811              0.7174              0.7187              0.7114              
ffar2_human.pdb     0.7711              0.7516              0.8411              1.0000              0.8803              0.7161              0.8828              0.6698              0.6889              0.6826              0.7832              0.7836              0.7694              0.7394              0.7432              0.7356              0.6815              0.6908              0.6829              
ffar3_human.pdb     0.7725              0.7400              0.8343              0.8803              1.0000              0.6877              0.9959              0.6463              0.6581              0.6649              0.7583              0.7618              0.7575              0.7191              0.7157              0.7176              0.6596              0.6630              0.6587              
ffar4_human.pdb     0.7425              0.7178              0.7738              0.7161              0.6877              1.0000              0.6875              0.7058              0.7084              0.7040              0.6891              0.7122              0.7205              0.7272              0.7233              0.6636              0.7095              0.6913              0.6772              
gpr42_human.pdb     0.7723              0.7407              0.8340              0.8828              0.9959              0.6875              1.0000              0.6461              0.6558              0.6649              0.7575              0.7615              0.7579              0.7180              0.7157              0.7165              0.6603              0.6631              0.6584              
lpar1_human.pdb     0.6699              0.6806              0.7245              0.6698              0.6463              0.7058              0.6461              1.0000              0.8630              0.8664              0.6294              0.6390              0.6447              0.6524              0.6736              0.6431              0.8384              0.8249              0.7965              
lpar2_human.pdb     0.7051              0.6812              0.7226              0.6889              0.6581              0.7084              0.6558              0.8630              1.0000              0.8758              0.6614              0.6736              0.6572              0.6604              0.6914              0.6712              0.8464              0.8181              0.8611              
lpar3_human.pdb     0.6992              0.6827              0.7169              0.6826              0.6649              0.7040              0.6649              0.8664              0.8758              1.0000              0.6547              0.6806              0.6693              0.6529              0.6859              0.6607              0.8654              0.8167              0.8246              
lpar4_human.pdb     0.8247              0.7804              0.8146              0.7832              0.7583              0.6891              0.7575              0.6294              0.6614              0.6547              1.0000              0.8136              0.8645              0.7250              0.7228              0.7203              0.6376              0.6819              0.6290              
lpar5_human.pdb     0.8266              0.7793              0.8132              0.7836              0.7618              0.7122              0.7615              0.6390              0.6736              0.6806              0.8136              1.0000              0.8105              0.7336              0.7216              0.7095              0.6625              0.7006              0.6437              
lpar6_human.pdb     0.8081              0.7743              0.8064              0.7694              0.7575              0.7205              0.7579              0.6447              0.6572              0.6693              0.8645              0.8105              1.0000              0.7423              0.7367              0.7702              0.6649              0.6627              0.6621              
lt4r1_human.pdb     0.7738              0.7320              0.7996              0.7394              0.7191              0.7272              0.7180              0.6524              0.6604              0.6529              0.7250              0.7336              0.7423              1.0000              0.8068              0.7288              0.6626              0.6680              0.6571              
lt4r2_human.pdb     0.7581              0.7203              0.7971              0.7432              0.7157              0.7233              0.7157              0.6736              0.6914              0.6859              0.7228              0.7216              0.7367              0.8068              1.0000              0.7156              0.6810              0.6773              0.6725              
oxer1_human.pdb     0.7701              0.7412              0.7811              0.7356              0.7176              0.6636              0.7165              0.6431              0.6712              0.6607              0.7203              0.7095              0.7702              0.7288              0.7156              1.0000              0.6073              0.6655              0.6106              
s1pr1_human.pdb     0.7014              0.6866              0.7174              0.6815              0.6596              0.7095              0.6603              0.8384              0.8464              0.8654              0.6376              0.6625              0.6649              0.6626              0.6810              0.6073              1.0000              0.8664              0.7927              
s1pr2_human.pdb     0.6990              0.6748              0.7187              0.6908              0.6630              0.6913              0.6631              0.8249              0.8181              0.8167              0.6819              0.7006              0.6627              0.6680              0.6773              0.6655              0.8664              1.0000              0.8406              
s1pr3_human.pdb     0.7100              0.6790              0.7114              0.6829              0.6587              0.6772              0.6584              0.7965              0.8611              0.8246              0.6290              0.6437              0.6621              0.6571              0.6725              0.6106              0.7927              0.8406              1.0000              
