19
ccr10_huma0.0000              0.2186              0.2258              0.1980              0.2074              0.2034              0.2402              0.2583              0.2071              0.2520              0.2611              0.2171              0.2278              0.2069              0.2030              0.2252              0.2300              0.2337              0.2408              
ccr1_human0.2186              0.0000              0.1721              0.1069              0.1664              0.1068              0.1497              0.1976              0.1597              0.2166              0.2202              0.1445              0.1809              0.1974              0.1626              0.1912              0.1941              0.1840              0.1749              
ccr2_human0.2258              0.1721              0.0000              0.1578              0.1706              0.1657              0.2553              0.2461              0.1665              0.2594              0.2724              0.2108              0.1997              0.2146              0.2078              0.1812              0.2355              0.2052              0.1973              
ccr3_human0.1980              0.1069              0.1578              0.0000              0.1314              0.1222              0.1660              0.2029              0.1186              0.2058              0.2014              0.1750              0.1849              0.2033              0.1695              0.1979              0.1838              0.1978              0.1621              
ccr4_human0.2074              0.1664              0.1706              0.1314              0.0000              0.1561              0.1972              0.2080              0.1532              0.2074              0.2175              0.1933              0.1740              0.1986              0.2024              0.1914              0.1610              0.1868              0.1696              
ccr5_human0.2034              0.1068              0.1657              0.1222              0.1561              0.0000              0.1680              0.1884              0.1544              0.2110              0.2045              0.1765              0.1839              0.1907              0.1829              0.2072              0.1952              0.1612              0.1754              
ccr6_human0.2402              0.1497              0.2553              0.1660              0.1972              0.1680              0.0000              0.2099              0.2016              0.2040              0.2682              0.1844              0.1635              0.2001              0.2266              0.2237              0.2121              0.1607              0.1737              
ccr7_human0.2583              0.1976              0.2461              0.2029              0.2080              0.1884              0.2099              0.0000              0.2129              0.1820              0.2886              0.2226              0.1456              0.2051              0.2322              0.2236              0.2013              0.1676              0.1814              
ccr8_human0.2071              0.1597              0.1665              0.1186              0.1532              0.1544              0.2016              0.2129              0.0000              0.2220              0.2048              0.2063              0.1887              0.1939              0.2013              0.1955              0.1855              0.2113              0.1535              
ccr9_human0.2520              0.2166              0.2594              0.2058              0.2074              0.2110              0.2040              0.1820              0.2220              0.0000              0.2795              0.2400              0.1167              0.1917              0.2640              0.2459              0.2052              0.1902              0.1854              
cml1_human0.2611              0.2202              0.2724              0.2014              0.2175              0.2045              0.2682              0.2886              0.2048              0.2795              0.0000              0.2473              0.2339              0.2494              0.2757              0.2501              0.2572              0.2138              0.2035              
cx3c1_huma0.2171              0.1445              0.2108              0.1750              0.1933              0.1765              0.1844              0.2226              0.2063              0.2400              0.2473              0.0000              0.2046              0.2081              0.1792              0.2241              0.1976              0.2065              0.1906              
cxcr1_huma0.2278              0.1809              0.1997              0.1849              0.1740              0.1839              0.1635              0.1456              0.1887              0.1167              0.2339              0.2046              0.0000              0.1199              0.1916              0.2056              0.1399              0.1955              0.1743              
cxcr2_huma0.2069              0.1974              0.2146              0.2033              0.1986              0.1907              0.2001              0.2051              0.1939              0.1917              0.2494              0.2081              0.1199              0.0000              0.2178              0.2220              0.1757              0.1957              0.1808              
cxcr3_huma0.2030              0.1626              0.2078              0.1695              0.2024              0.1829              0.2266              0.2322              0.2013              0.2640              0.2757              0.1792              0.1916              0.2178              0.0000              0.1789              0.2165              0.2058              0.2092              
cxcr4_huma0.2252              0.1912              0.1812              0.1979              0.1914              0.2072              0.2237              0.2236              0.1955              0.2459              0.2501              0.2241              0.2056              0.2220              0.1789              0.0000              0.2066              0.2341              0.2325              
cxcr5_huma0.2300              0.1941              0.2355              0.1838              0.1610              0.1952              0.2121              0.2013              0.1855              0.2052              0.2572              0.1976              0.1399              0.1757              0.2165              0.2066              0.0000              0.1783              0.1739              
cxcr6_huma0.2337              0.1840              0.2052              0.1978              0.1868              0.1612              0.1607              0.1676              0.2113              0.1902              0.2138              0.2065              0.1955              0.1957              0.2058              0.2341              0.1783              0.0000              0.1859              
xcr1_human0.2408              0.1749              0.1973              0.1621              0.1696              0.1754              0.1737              0.1814              0.1535              0.1854              0.2035              0.1906              0.1743              0.1808              0.2092              0.2325              0.1739              0.1859              0.0000              
