                    ccr10_human.pdb     ccr1_human.pdb      ccr2_human.pdb      ccr3_human.pdb      ccr4_human.pdb      ccr5_human.pdb      ccr6_human.pdb      ccr7_human.pdb      ccr8_human.pdb      ccr9_human.pdb      cml1_human.pdb      cx3c1_human.pdb     cxcr1_human.pdb     cxcr2_human.pdb     cxcr3_human.pdb     cxcr4_human.pdb     cxcr5_human.pdb     cxcr6_human.pdb     xcr1_human.pdb      
ccr10_human.pdb     1.0000              0.7814              0.7742              0.8020              0.7926              0.7966              0.7598              0.7417              0.7929              0.7480              0.7389              0.7829              0.7722              0.7931              0.7970              0.7748              0.7700              0.7663              0.7592              
ccr1_human.pdb      0.7814              1.0000              0.8279              0.8931              0.8336              0.8932              0.8503              0.8024              0.8403              0.7834              0.7798              0.8555              0.8191              0.8026              0.8374              0.8088              0.8059              0.8160              0.8251              
ccr2_human.pdb      0.7742              0.8279              1.0000              0.8422              0.8294              0.8343              0.7447              0.7539              0.8335              0.7406              0.7276              0.7892              0.8003              0.7854              0.7922              0.8188              0.7645              0.7948              0.8027              
ccr3_human.pdb      0.8020              0.8931              0.8422              1.0000              0.8686              0.8778              0.8340              0.7971              0.8814              0.7942              0.7986              0.8250              0.8151              0.7967              0.8305              0.8021              0.8162              0.8022              0.8379              
ccr4_human.pdb      0.7926              0.8336              0.8294              0.8686              1.0000              0.8439              0.8028              0.7920              0.8468              0.7926              0.7825              0.8067              0.8260              0.8014              0.7976              0.8086              0.8390              0.8132              0.8304              
ccr5_human.pdb      0.7966              0.8932              0.8343              0.8778              0.8439              1.0000              0.8320              0.8116              0.8456              0.7890              0.7955              0.8235              0.8161              0.8093              0.8171              0.7928              0.8048              0.8388              0.8246              
ccr6_human.pdb      0.7598              0.8503              0.7447              0.8340              0.8028              0.8320              1.0000              0.7901              0.7984              0.7960              0.7318              0.8156              0.8365              0.7999              0.7734              0.7763              0.7879              0.8393              0.8263              
ccr7_human.pdb      0.7417              0.8024              0.7539              0.7971              0.7920              0.8116              0.7901              1.0000              0.7871              0.8180              0.7114              0.7774              0.8544              0.7949              0.7678              0.7764              0.7987              0.8324              0.8186              
ccr8_human.pdb      0.7929              0.8403              0.8335              0.8814              0.8468              0.8456              0.7984              0.7871              1.0000              0.7780              0.7952              0.7937              0.8113              0.8061              0.7987              0.8045              0.8145              0.7887              0.8465              
ccr9_human.pdb      0.7480              0.7834              0.7406              0.7942              0.7926              0.7890              0.7960              0.8180              0.7780              1.0000              0.7205              0.7600              0.8833              0.8083              0.7360              0.7541              0.7948              0.8098              0.8146              
cml1_human.pdb      0.7389              0.7798              0.7276              0.7986              0.7825              0.7955              0.7318              0.7114              0.7952              0.7205              1.0000              0.7527              0.7661              0.7506              0.7243              0.7499              0.7428              0.7862              0.7965              
cx3c1_human.pdb     0.7829              0.8555              0.7892              0.8250              0.8067              0.8235              0.8156              0.7774              0.7937              0.7600              0.7527              1.0000              0.7954              0.7919              0.8208              0.7759              0.8024              0.7935              0.8094              
cxcr1_human.pdb     0.7722              0.8191              0.8003              0.8151              0.8260              0.8161              0.8365              0.8544              0.8113              0.8833              0.7661              0.7954              1.0000              0.8801              0.8084              0.7944              0.8601              0.8045              0.8257              
cxcr2_human.pdb     0.7931              0.8026              0.7854              0.7967              0.8014              0.8093              0.7999              0.7949              0.8061              0.8083              0.7506              0.7919              0.8801              1.0000              0.7822              0.7780              0.8243              0.8043              0.8192              
cxcr3_human.pdb     0.7970              0.8374              0.7922              0.8305              0.7976              0.8171              0.7734              0.7678              0.7987              0.7360              0.7243              0.8208              0.8084              0.7822              1.0000              0.8211              0.7835              0.7942              0.7908              
cxcr4_human.pdb     0.7748              0.8088              0.8188              0.8021              0.8086              0.7928              0.7763              0.7764              0.8045              0.7541              0.7499              0.7759              0.7944              0.7780              0.8211              1.0000              0.7934              0.7659              0.7675              
cxcr5_human.pdb     0.7700              0.8059              0.7645              0.8162              0.8390              0.8048              0.7879              0.7987              0.8145              0.7948              0.7428              0.8024              0.8601              0.8243              0.7835              0.7934              1.0000              0.8217              0.8261              
cxcr6_human.pdb     0.7663              0.8160              0.7948              0.8022              0.8132              0.8388              0.8393              0.8324              0.7887              0.8098              0.7862              0.7935              0.8045              0.8043              0.7942              0.7659              0.8217              1.0000              0.8141              
xcr1_human.pdb      0.7592              0.8251              0.8027              0.8379              0.8304              0.8246              0.8263              0.8186              0.8465              0.8146              0.7965              0.8094              0.8257              0.8192              0.7908              0.7675              0.8261              0.8141              1.0000              
