                    ccr10_human.pdb     ccr1_human.pdb      ccr2_human.pdb      ccr3_human.pdb      ccr4_human.pdb      ccr5_human.pdb      ccr6_human.pdb      ccr7_human.pdb      ccr8_human.pdb      ccr9_human.pdb      cml1_human.pdb      cx3c1_human.pdb     cxcr1_human.pdb     cxcr2_human.pdb     cxcr3_human.pdb     cxcr4_human.pdb     cxcr5_human.pdb     cxcr6_human.pdb     xcr1_human.pdb      
ccr10_human.pdb     0.000               3.121               2.703               3.068               2.416               3.107               3.071               2.600               2.891               3.516               3.563               3.333               2.744               3.153               2.908               3.007               2.800               3.443               3.440               
ccr1_human.pdb      3.121               0.000               1.585               2.024               1.873               1.856               2.655               2.084               1.871               2.520               3.816               2.851               2.383               2.987               3.010               2.563               2.523               2.864               2.767               
ccr2_human.pdb      2.703               1.585               0.000               2.099               2.759               1.336               2.375               1.917               2.005               2.349               3.096               2.396               2.028               3.118               2.686               2.546               2.533               2.266               2.925               
ccr3_human.pdb      3.068               2.024               2.099               0.000               2.692               2.205               2.464               2.324               1.744               3.296               3.497               2.449               2.499               3.022               2.651               2.777               2.500               2.551               2.803               
ccr4_human.pdb      2.416               1.873               2.759               2.692               0.000               2.259               2.209               2.156               2.267               2.696               3.244               2.652               2.120               2.309               2.291               2.722               2.055               2.903               2.729               
ccr5_human.pdb      3.107               1.856               1.336               2.205               2.259               0.000               2.751               2.455               1.895               2.450               3.824               2.590               2.320               2.668               2.562               2.411               2.283               2.714               2.460               
ccr6_human.pdb      3.071               2.655               2.375               2.464               2.209               2.751               0.000               2.659               2.505               2.937               2.970               2.871               2.884               2.587               2.712               3.021               2.750               2.461               2.624               
ccr7_human.pdb      2.600               2.084               1.917               2.324               2.156               2.455               2.659               0.000               2.400               2.462               2.979               2.401               2.670               2.590               2.344               2.454               2.448               2.305               2.603               
ccr8_human.pdb      2.891               1.871               2.005               1.744               2.267               1.895               2.505               2.400               0.000               3.230               3.070               2.393               2.391               2.904               2.401               2.598               2.451               2.527               2.979               
ccr9_human.pdb      3.516               2.520               2.349               3.296               2.696               2.450               2.937               2.462               3.230               0.000               3.306               2.828               2.447               2.787               2.536               2.436               3.171               2.788               3.064               
cml1_human.pdb      3.563               3.816               3.096               3.497               3.244               3.824               2.970               2.979               3.070               3.306               0.000               3.602               3.465               3.843               3.287               2.856               3.297               3.506               3.257               
cx3c1_human.pdb     3.333               2.851               2.396               2.449               2.652               2.590               2.871               2.401               2.393               2.828               3.602               0.000               2.769               3.141               2.820               2.779               2.761               3.201               2.682               
cxcr1_human.pdb     2.744               2.383               2.028               2.499               2.120               2.320               2.884               2.670               2.391               2.447               3.465               2.769               0.000               2.091               2.295               2.222               2.591               2.711               2.713               
cxcr2_human.pdb     3.153               2.987               3.118               3.022               2.309               2.668               2.587               2.590               2.904               2.787               3.843               3.141               2.091               0.000               2.704               2.686               2.590               2.861               2.699               
cxcr3_human.pdb     2.908               3.010               2.686               2.651               2.291               2.562               2.712               2.344               2.401               2.536               3.287               2.820               2.295               2.704               0.000               2.339               2.241               2.732               2.721               
cxcr4_human.pdb     3.007               2.563               2.546               2.777               2.722               2.411               3.021               2.454               2.598               2.436               2.856               2.779               2.222               2.686               2.339               0.000               2.679               2.473               2.595               
cxcr5_human.pdb     2.800               2.523               2.533               2.500               2.055               2.283               2.750               2.448               2.451               3.171               3.297               2.761               2.591               2.590               2.241               2.679               0.000               2.682               2.810               
cxcr6_human.pdb     3.443               2.864               2.266               2.551               2.903               2.714               2.461               2.305               2.527               2.788               3.506               3.201               2.711               2.861               2.732               2.473               2.682               0.000               2.372               
xcr1_human.pdb      3.440               2.767               2.925               2.803               2.729               2.460               2.624               2.603               2.979               3.064               3.257               2.682               2.713               2.699               2.721               2.595               2.810               2.372               0.000               
