19
5ht1a_huma0.0000              0.1929              0.1920              0.1453              0.1050              0.2788              0.2796              0.2926              0.2579              0.1825              0.3001              0.3040              0.2982              0.3089              0.2171              0.2627              0.2735              0.3075              0.2775              
5ht1b_huma0.1929              0.0000              0.1807              0.1787              0.1483              0.2500              0.2306              0.2655              0.2619              0.2099              0.2557              0.2378              0.2336              0.2658              0.2118              0.2150              0.2123              0.2706              0.2594              
5ht1d_huma0.1920              0.1807              0.0000              0.1918              0.1753              0.2385              0.1908              0.2356              0.2576              0.2200              0.2554              0.2518              0.2333              0.2596              0.2061              0.2058              0.2312              0.2568              0.2424              
5ht1e_huma0.1453              0.1787              0.1918              0.0000              0.1727              0.2034              0.2170              0.2164              0.2148              0.2061              0.2056              0.2072              0.2012              0.2005              0.1496              0.2072              0.1531              0.2111              0.1864              
5ht1f_huma0.1050              0.1483              0.1753              0.1727              0.0000              0.1856              0.1621              0.2210              0.2243              0.1906              0.2040              0.2002              0.2067              0.2046              0.1516              0.1708              0.1792              0.2218              0.2103              
5ht2a_huma0.2788              0.2500              0.2385              0.2034              0.1856              0.0000              0.3457              0.3211              0.2381              0.2259              0.3305              0.3558              0.3339              0.3512              0.3332              0.3605              0.3517              0.3336              0.3615              
5ht2b_huma0.2796              0.2306              0.1908              0.2170              0.1621              0.3457              0.0000              0.2884              0.2486              0.2213              0.3162              0.3864              0.3380              0.3737              0.3555              0.3478              0.3600              0.3447              0.3628              
5ht2c_huma0.2926              0.2655              0.2356              0.2164              0.2210              0.3211              0.2884              0.0000              0.2540              0.2227              0.3208              0.3563              0.3291              0.3842              0.3220              0.3497              0.3471              0.3369              0.3597              
5ht4r_huma0.2579              0.2619              0.2576              0.2148              0.2243              0.2381              0.2486              0.2540              0.0000              0.2163              0.2298              0.2435              0.2387              0.2679              0.2393              0.2620              0.2363              0.2107              0.2914              
5ht5a_huma0.1825              0.2099              0.2200              0.2061              0.1906              0.2259              0.2213              0.2227              0.2163              0.0000              0.2200              0.1936              0.2245              0.2252              0.1790              0.2205              0.2044              0.2043              0.2227              
5ht6r_huma0.3001              0.2557              0.2554              0.2056              0.2040              0.3305              0.3162              0.3208              0.2298              0.2200              0.0000              0.3269              0.3089              0.3603              0.2696              0.3444              0.3058              0.3126              0.3603              
5ht7r_huma0.3040              0.2378              0.2518              0.2072              0.2002              0.3558              0.3864              0.3563              0.2435              0.1936              0.3269              0.0000              0.3330              0.3904              0.3391              0.3872              0.3614              0.3571              0.3562              
acm1_human0.2982              0.2336              0.2333              0.2012              0.2067              0.3339              0.3380              0.3291              0.2387              0.2245              0.3089              0.3330              0.0000              0.3250              0.2543              0.2995              0.2747              0.3388              0.3510              
acm2_human0.3089              0.2658              0.2596              0.2005              0.2046              0.3512              0.3737              0.3842              0.2679              0.2252              0.3603              0.3904              0.3250              0.0000              0.3303              0.2923              0.3189              0.3799              0.3452              
acm3_human0.2171              0.2118              0.2061              0.1496              0.1516              0.3332              0.3555              0.3220              0.2393              0.1790              0.2696              0.3391              0.2543              0.3303              0.0000              0.3298              0.3489              0.3315              0.3162              
acm4_human0.2627              0.2150              0.2058              0.2072              0.1708              0.3605              0.3478              0.3497              0.2620              0.2205              0.3444              0.3872              0.2995              0.2923              0.3298              0.0000              0.3236              0.3769              0.3324              
acm5_human0.2735              0.2123              0.2312              0.1531              0.1792              0.3517              0.3600              0.3471              0.2363              0.2044              0.3058              0.3614              0.2747              0.3189              0.3489              0.3236              0.0000              0.3554              0.3245              
ada1a_huma0.3075              0.2706              0.2568              0.2111              0.2218              0.3336              0.3447              0.3369              0.2107              0.2043              0.3126              0.3571              0.3388              0.3799              0.3315              0.3769              0.3554              0.0000              0.3682              
drd2_human0.2775              0.2594              0.2424              0.1864              0.2103              0.3615              0.3628              0.3597              0.2914              0.2227              0.3603              0.3562              0.3510              0.3452              0.3162              0.3324              0.3245              0.3682              0.0000              
