                    5ht1a_human.pdb     5ht1b_human.pdb     5ht1d_human.pdb     5ht1e_human.pdb     5ht1f_human.pdb     5ht2a_human.pdb     5ht2b_human.pdb     5ht2c_human.pdb     5ht4r_human.pdb     5ht5a_human.pdb     5ht6r_human.pdb     5ht7r_human.pdb     acm1_human.pdb      acm2_human.pdb      acm3_human.pdb      acm4_human.pdb      acm5_human.pdb      ada1a_human.pdb     drd2_human.pdb      
5ht1a_human.pdb     1.0000              0.8071              0.8080              0.8547              0.8950              0.7212              0.7204              0.7074              0.7421              0.8175              0.6999              0.6960              0.7018              0.6911              0.7829              0.7373              0.7265              0.6925              0.7225              
5ht1b_human.pdb     0.8071              1.0000              0.8193              0.8213              0.8517              0.7500              0.7694              0.7345              0.7381              0.7901              0.7443              0.7622              0.7664              0.7342              0.7882              0.7850              0.7877              0.7294              0.7406              
5ht1d_human.pdb     0.8080              0.8193              1.0000              0.8082              0.8247              0.7615              0.8092              0.7644              0.7424              0.7800              0.7446              0.7482              0.7667              0.7404              0.7939              0.7942              0.7688              0.7432              0.7576              
5ht1e_human.pdb     0.8547              0.8213              0.8082              1.0000              0.8273              0.7966              0.7830              0.7836              0.7852              0.7939              0.7944              0.7928              0.7988              0.7995              0.8504              0.7928              0.8469              0.7889              0.8136              
5ht1f_human.pdb     0.8950              0.8517              0.8247              0.8273              1.0000              0.8144              0.8379              0.7790              0.7757              0.8094              0.7960              0.7998              0.7933              0.7954              0.8484              0.8292              0.8208              0.7782              0.7897              
5ht2a_human.pdb     0.7212              0.7500              0.7615              0.7966              0.8144              1.0000              0.6543              0.6789              0.7619              0.7741              0.6695              0.6442              0.6661              0.6488              0.6668              0.6395              0.6483              0.6664              0.6385              
5ht2b_human.pdb     0.7204              0.7694              0.8092              0.7830              0.8379              0.6543              1.0000              0.7116              0.7514              0.7787              0.6838              0.6136              0.6620              0.6263              0.6445              0.6522              0.6400              0.6553              0.6372              
5ht2c_human.pdb     0.7074              0.7345              0.7644              0.7836              0.7790              0.6789              0.7116              1.0000              0.7460              0.7773              0.6792              0.6437              0.6709              0.6158              0.6780              0.6503              0.6529              0.6631              0.6403              
5ht4r_human.pdb     0.7421              0.7381              0.7424              0.7852              0.7757              0.7619              0.7514              0.7460              1.0000              0.7837              0.7702              0.7565              0.7613              0.7321              0.7607              0.7380              0.7637              0.7893              0.7086              
5ht5a_human.pdb     0.8175              0.7901              0.7800              0.7939              0.8094              0.7741              0.7787              0.7773              0.7837              1.0000              0.7800              0.8064              0.7755              0.7748              0.8210              0.7795              0.7956              0.7957              0.7773              
5ht6r_human.pdb     0.6999              0.7443              0.7446              0.7944              0.7960              0.6695              0.6838              0.6792              0.7702              0.7800              1.0000              0.6731              0.6911              0.6397              0.7304              0.6556              0.6942              0.6874              0.6397              
5ht7r_human.pdb     0.6960              0.7622              0.7482              0.7928              0.7998              0.6442              0.6136              0.6437              0.7565              0.8064              0.6731              1.0000              0.6670              0.6096              0.6609              0.6128              0.6386              0.6429              0.6438              
acm1_human.pdb      0.7018              0.7664              0.7667              0.7988              0.7933              0.6661              0.6620              0.6709              0.7613              0.7755              0.6911              0.6670              1.0000              0.6750              0.7457              0.7005              0.7253              0.6612              0.6490              
acm2_human.pdb      0.6911              0.7342              0.7404              0.7995              0.7954              0.6488              0.6263              0.6158              0.7321              0.7748              0.6397              0.6096              0.6750              1.0000              0.6697              0.7077              0.6811              0.6201              0.6548              
acm3_human.pdb      0.7829              0.7882              0.7939              0.8504              0.8484              0.6668              0.6445              0.6780              0.7607              0.8210              0.7304              0.6609              0.7457              0.6697              1.0000              0.6702              0.6511              0.6685              0.6838              
acm4_human.pdb      0.7373              0.7850              0.7942              0.7928              0.8292              0.6395              0.6522              0.6503              0.7380              0.7795              0.6556              0.6128              0.7005              0.7077              0.6702              1.0000              0.6764              0.6231              0.6676              
acm5_human.pdb      0.7265              0.7877              0.7688              0.8469              0.8208              0.6483              0.6400              0.6529              0.7637              0.7956              0.6942              0.6386              0.7253              0.6811              0.6511              0.6764              1.0000              0.6446              0.6755              
ada1a_human.pdb     0.6925              0.7294              0.7432              0.7889              0.7782              0.6664              0.6553              0.6631              0.7893              0.7957              0.6874              0.6429              0.6612              0.6201              0.6685              0.6231              0.6446              1.0000              0.6318              
drd2_human.pdb      0.7225              0.7406              0.7576              0.8136              0.7897              0.6385              0.6372              0.6403              0.7086              0.7773              0.6397              0.6438              0.6490              0.6548              0.6838              0.6676              0.6755              0.6318              1.0000              
