                    5ht1a_human.pdb     5ht1b_human.pdb     5ht1d_human.pdb     5ht1e_human.pdb     5ht1f_human.pdb     5ht2a_human.pdb     5ht2b_human.pdb     5ht2c_human.pdb     5ht4r_human.pdb     5ht5a_human.pdb     5ht6r_human.pdb     5ht7r_human.pdb     acm1_human.pdb      acm2_human.pdb      acm3_human.pdb      acm4_human.pdb      acm5_human.pdb      ada1a_human.pdb     drd2_human.pdb      
5ht1a_human.pdb     0.000               2.669               2.999               2.700               2.216               3.648               2.957               2.893               2.740               3.164               2.714               2.761               3.678               3.382               3.596               3.005               3.106               3.208               2.921               
5ht1b_human.pdb     2.669               0.000               2.429               2.790               2.917               3.532               2.654               2.670               2.783               3.190               2.924               2.854               3.205               3.368               3.252               2.882               3.002               3.549               2.537               
5ht1d_human.pdb     2.999               2.429               0.000               2.897               1.996               3.479               2.922               3.020               3.009               3.223               2.654               2.740               3.384               3.060               3.099               3.152               2.785               2.894               3.028               
5ht1e_human.pdb     2.700               2.790               2.897               0.000               2.377               2.997               2.950               2.982               2.609               2.807               2.733               3.242               2.681               3.303               2.839               2.868               3.171               3.050               3.146               
5ht1f_human.pdb     2.216               2.917               1.996               2.377               0.000               2.635               2.696               2.469               2.648               2.802               2.377               2.817               3.323               2.572               2.833               2.906               2.495               3.108               3.039               
5ht2a_human.pdb     3.648               3.532               3.479               2.997               2.635               0.000               3.909               3.146               3.819               3.266               3.789               4.117               3.775               3.081               3.837               4.009               3.529               3.855               3.120               
5ht2b_human.pdb     2.957               2.654               2.922               2.950               2.696               3.909               0.000               3.819               3.818               3.063               3.703               3.621               3.771               3.135               4.278               2.925               3.328               3.783               3.018               
5ht2c_human.pdb     2.893               2.670               3.020               2.982               2.469               3.146               3.819               0.000               3.787               3.069               3.609               3.300               3.432               3.214               3.023               3.045               3.114               4.049               2.963               
5ht4r_human.pdb     2.740               2.783               3.009               2.609               2.648               3.819               3.818               3.787               0.000               2.754               3.000               2.801               2.816               3.285               2.979               3.267               2.922               2.821               2.644               
5ht5a_human.pdb     3.164               3.190               3.223               2.807               2.802               3.266               3.063               3.069               2.754               0.000               2.931               2.501               3.086               3.128               3.051               3.512               2.981               3.520               2.682               
5ht6r_human.pdb     2.714               2.924               2.654               2.733               2.377               3.789               3.703               3.609               3.000               2.931               0.000               3.070               3.389               3.430               2.862               3.491               2.991               3.861               2.646               
5ht7r_human.pdb     2.761               2.854               2.740               3.242               2.817               4.117               3.621               3.300               2.801               2.501               3.070               0.000               2.801               3.379               3.308               3.183               2.870               3.661               2.774               
acm1_human.pdb      3.678               3.205               3.384               2.681               3.323               3.775               3.771               3.432               2.816               3.086               3.389               2.801               0.000               2.611               3.497               3.325               3.385               3.500               3.547               
acm2_human.pdb      3.382               3.368               3.060               3.303               2.572               3.081               3.135               3.214               3.285               3.128               3.430               3.379               2.611               0.000               3.780               4.414               3.689               3.390               3.839               
acm3_human.pdb      3.596               3.252               3.099               2.839               2.833               3.837               4.278               3.023               2.979               3.051               2.862               3.308               3.497               3.780               0.000               3.355               2.996               3.661               3.845               
acm4_human.pdb      3.005               2.882               3.152               2.868               2.906               4.009               2.925               3.045               3.267               3.512               3.491               3.183               3.325               4.414               3.355               0.000               3.171               3.292               3.833               
acm5_human.pdb      3.106               3.002               2.785               3.171               2.495               3.529               3.328               3.114               2.922               2.981               2.991               2.870               3.385               3.689               2.996               3.171               0.000               3.673               3.449               
ada1a_human.pdb     3.208               3.549               2.894               3.050               3.108               3.855               3.783               4.049               2.821               3.520               3.861               3.661               3.500               3.390               3.661               3.292               3.673               0.000               3.032               
drd2_human.pdb      2.921               2.537               3.028               3.146               3.039               3.120               3.018               2.963               2.644               2.682               2.646               2.774               3.547               3.839               3.845               3.833               3.449               3.032               0.000               
