15
calcr_huma0.0000              0.1927              0.2488              0.3051              0.3304              0.3662              0.3816              0.3532              0.3779              0.3626              0.3140              0.3352              0.3404              0.3450              0.3395              
calrl_huma0.1927              0.0000              0.2237              0.2852              0.3340              0.3563              0.3796              0.3487              0.3536              0.3406              0.3152              0.3099              0.3575              0.3457              0.2937              
crfr1_huma0.2488              0.2237              0.0000              0.2630              0.3475              0.2855              0.3357              0.3142              0.3110              0.2932              0.2693              0.2809              0.3470              0.3149              0.3589              
crfr2_huma0.3051              0.2852              0.2630              0.0000              0.2838              0.2285              0.3158              0.2686              0.2505              0.3099              0.2206              0.2351              0.2998              0.2821              0.2954              
ghrhr_huma0.3304              0.3340              0.3475              0.2838              0.0000              0.2960              0.2712              0.2086              0.1714              0.2509              0.2282              0.2456              0.1945              0.1699              0.1908              
gipr_human0.3662              0.3563              0.2855              0.2285              0.2960              0.0000              0.3194              0.3297              0.2930              0.3516              0.3174              0.3290              0.3328              0.3129              0.3236              
glp1r_huma0.3816              0.3796              0.3357              0.3158              0.2712              0.3194              0.0000              0.2433              0.2268              0.3338              0.3157              0.3245              0.2480              0.2584              0.2894              
glp2r_huma0.3532              0.3487              0.3142              0.2686              0.2086              0.3297              0.2433              0.0000              0.1873              0.2914              0.3520              0.3832              0.2049              0.2320              0.2298              
glr_human.0.3779              0.3536              0.3110              0.2505              0.1714              0.2930              0.2268              0.1873              0.0000              0.2823              0.2678              0.3013              0.2412              0.2152              0.2372              
pacr_human0.3626              0.3406              0.2932              0.3099              0.2509              0.3516              0.3338              0.2914              0.2823              0.0000              0.3008              0.3322              0.2043              0.2825              0.2178              
pth1r_huma0.3140              0.3152              0.2693              0.2206              0.2282              0.3174              0.3157              0.3520              0.2678              0.3008              0.0000              0.2096              0.2120              0.2348              0.2650              
pth2r_huma0.3352              0.3099              0.2809              0.2351              0.2456              0.3290              0.3245              0.3832              0.3013              0.3322              0.2096              0.0000              0.2478              0.2472              0.2687              
sctr_human0.3404              0.3575              0.3470              0.2998              0.1945              0.3328              0.2480              0.2049              0.2412              0.2043              0.2120              0.2478              0.0000              0.1755              0.1941              
vipr1_huma0.3450              0.3457              0.3149              0.2821              0.1699              0.3129              0.2584              0.2320              0.2152              0.2825              0.2348              0.2472              0.1755              0.0000              0.2109              
vipr2_huma0.3395              0.2937              0.3589              0.2954              0.1908              0.3236              0.2894              0.2298              0.2372              0.2178              0.2650              0.2687              0.1941              0.2109              0.0000              
