                    calcr_human.pdb     calrl_human.pdb     crfr1_human.pdb     crfr2_human.pdb     ghrhr_human.pdb     gipr_human.pdb      glp1r_human.pdb     glp2r_human.pdb     glr_human.pdb       pacr_human.pdb      pth1r_human.pdb     pth2r_human.pdb     sctr_human.pdb      vipr1_human.pdb     vipr2_human.pdb     
calcr_human.pdb     0.000               2.923               4.018               3.836               3.569               3.957               3.515               4.305               3.930               4.549               4.024               3.567               3.822               4.081               4.224               
calrl_human.pdb     2.923               0.000               3.700               4.282               3.575               4.011               3.102               3.851               4.386               4.152               4.340               4.109               3.617               4.063               4.485               
crfr1_human.pdb     4.018               3.700               0.000               4.193               4.008               4.017               3.277               3.666               3.860               3.603               4.815               4.201               3.471               3.612               3.747               
crfr2_human.pdb     3.836               4.282               4.193               0.000               3.728               3.695               3.756               4.042               3.969               3.509               4.089               4.248               4.288               4.252               4.120               
ghrhr_human.pdb     3.569               3.575               4.008               3.728               0.000               2.975               3.876               3.052               3.574               4.338               3.570               3.848               2.905               2.635               3.035               
gipr_human.pdb      3.957               4.011               4.017               3.695               2.975               0.000               3.711               3.336               3.949               3.999               4.165               4.311               3.016               3.216               2.821               
glp1r_human.pdb     3.515               3.102               3.277               3.756               3.876               3.711               0.000               3.770               3.395               3.606               4.141               4.241               4.023               4.176               3.995               
glp2r_human.pdb     4.305               3.851               3.666               4.042               3.052               3.336               3.770               0.000               3.286               3.728               4.174               4.487               2.853               2.927               3.430               
glr_human.pdb       3.930               4.386               3.860               3.969               3.574               3.949               3.395               3.286               0.000               4.112               4.264               4.528               3.330               3.423               3.803               
pacr_human.pdb      4.549               4.152               3.603               3.509               4.338               3.999               3.606               3.728               4.112               0.000               3.274               4.560               3.224               4.304               3.415               
pth1r_human.pdb     4.024               4.340               4.815               4.089               3.570               4.165               4.141               4.174               4.264               3.274               0.000               2.720               4.012               4.046               3.741               
pth2r_human.pdb     3.567               4.109               4.201               4.248               3.848               4.311               4.241               4.487               4.528               4.560               2.720               0.000               4.331               4.318               4.159               
sctr_human.pdb      3.822               3.617               3.471               4.288               2.905               3.016               4.023               2.853               3.330               3.224               4.012               4.331               0.000               2.923               2.685               
vipr1_human.pdb     4.081               4.063               3.612               4.252               2.635               3.216               4.176               2.927               3.423               4.304               4.046               4.318               2.923               0.000               3.499               
vipr2_human.pdb     4.224               4.485               3.747               4.120               3.035               2.821               3.995               3.430               3.803               3.415               3.741               4.159               2.685               3.499               0.000               
